5507990000418425|03|2024|837
5507990000410216|03|2024|736
5507990000411222|03|2024|703
5507990000414630|03|2024|929
5507990000414861|03|2024|472
5507990000413145|03|2024|426
5507990000411008|03|2024|187
5507990000414432|03|2024|323
5507990000417278|03|2024|242
5507990000418631|03|2024|329
5507990000414424|03|2024|238
5507990000413582|03|2024|758
5507990000416262|03|2024|906
5507990000411800|03|2024|358
5507990000411743|03|2024|617
5507990000416031|03|2024|882
5507990000414754|03|2024|897
5507990000414721|03|2024|823
5507990000411263|03|2024|497
5507990000418516|03|2024|924
5507990000411735|03|2024|684
5507990000412568|03|2024|997
5507990000413871|03|2024|223
5507990000414226|03|2024|384
5507990000417104|03|2024|893
5507990000417666|03|2024|722
5507990000415637|03|2024|468
5507990000412022|03|2024|354
5507990000415660|03|2024|414
5507990000412865|03|2024|402
5507990000410141|03|2024|428
5507990000416254|03|2024|411
5507990000415074|03|2024|591
5507990000410356|03|2024|994
5507990000417427|03|2024|135
5507990000414226|03|2024|650
5507990000412865|03|2024|993
5507990000413186|03|2024|589
5507990000417856|03|2024|510
5507990000416387|03|2024|563
5507990000417120|03|2024|497
5507990000416163|03|2024|280
5507990000416882|03|2024|636
5507990000412642|03|2024|832
5507990000414531|03|2024|422
5507990000415314|03|2024|184
5507990000415231|03|2024|622
5507990000413582|03|2024|550
5507990000414770|03|2024|876


5507990000410885|03|2024|351
5507990000416346|03|2024|275
5507990000413236|03|2024|177
5507990000411123|03|2024|697
5507990000418102|03|2024|773
5507990000410778|03|2024|480
5507990000415330|03|2024|502
5507990000418227|03|2024|757
5507990000411370|03|2024|259
5507990000418441|03|2024|758
5507990000414127|03|2024|495
5507990000415157|03|2024|274
5507990000416262|03|2024|319
5507990000415777|03|2024|846
5507990000417310|03|2024|810
5507990000415157|03|2024|676
5507990000418714|03|2024|527
5507990000411008|03|2024|547
5507990000418144|03|2024|805
5507990000416650|03|2024|628
5507990000414762|03|2024|755
5507990000412642|03|2024|216
5507990000413202|03|2024|774
5507990000415637|03|2024|869
5507990000412576|03|2024|774
5507990000410653|03|2024|553
5507990000410612|03|2024|715
5507990000414788|03|2024|409
5507990000410653|03|2024|677
5507990000413343|03|2024|905
5507990000411610|03|2024|146
5507990000416627|03|2024|560
5507990000416106|03|2024|717
5507990000411180|03|2024|400
5507990000415520|03|2024|923
5507990000417534|03|2024|789
5507990000416510|03|2024|895
5507990000413814|03|2024|112
5507990000412055|03|2024|852
5507990000414101|03|2024|438
5507990000416684|03|2024|955
5507990000418656|03|2024|817
5507990000410786|03|2024|742
5507990000410711|03|2024|134